


function res_c1 = c1_p()
  
  c1 = [-0.168624662603776087e5 -0.186566489603332593e5 -0.204323672676440656e5 -0.221891450861380872e5 -0.239265354413966525e5 -0.256441200593654285e5 -0.273415089050323113e5 -0.290183396246405318e5 -0.306742769998344884e5 -0.323090123615569901e5 -0.339222627290732853e5 -0.355137703934072706e5 -0.370833018399770444e5 -0.386306471796606274e5 -0.401556191265402595e5 -0.416580522974608175e5 -0.431378021571637219e5 -0.445947441928805783e5 -0.460287729072864895e5 -0.474398008855529042e5 -0.488277577978166155e5 -0.501925893535904106e5 -0.515342563678236620e5 -0.528527336642845694e5 -0.541480090593034402e5 -0.554200825376581561e5 -0.566689649092532127e5 -0.578946770315044050e5 -0.590972488319416370e5 -0.602767180806038232e5 -0.614331297143252523e5 -0.625665348085424339e5 -0.636769893770503550e5 -0.647645538628167051e5 -0.658292920710653125e5 -0.668712702456982515e5 -0.678905564270581235e5 -0.688872195334056159e5 -0.698613286958985555e5 -0.708129524536210374e5 -0.717421582225765451e5 -0.726490115171884972e5 -0.735335754253785271e5 -0.743959101387325354e5 -0.752360722179513541e5 -0.760541144930125738e5 -0.768500853039000795e5 -0.776240283804384671e5 -0.783759822411509958e5 -0.791059804225793196e5 -0.798140507157261745e5 -0.805002152045898256e5 -0.811644903634462098e5 -0.818068867034151626e5 -0.824274085983364057e5 -0.830260547004270193e5 -0.836028179420349625e5 -0.841576851646196737e5 -0.846906379342373548e5 -0.852016522084128956e5 -0.856906988367073936e5 -0.861577438295440516e5 -0.866027484833019698e5 -0.870256699375515745e5 -0.874264615171883052e5 -0.878050729197066394e5 -0.881614510878142610e5 -0.884955402557173657e5 -0.888072829923728423e5 -0.890966199362535408e5 -0.893634912626189471e5 -0.896078366882069386e5 -0.898295961449917086e5 -0.900287106463616656e5 -0.902051226966960239e5 -0.903587769900031271e5 -0.904896213694162143e5 -0.905976068003415421e5 -0.906826889677207073e5 -0.907448283235566050e5 -0.907839908967821248e5 -0.908001491902635316e5 -0.907932827393041225e5 -0.907633787395689287e5 -0.907104329392747604e5 -0.906344501320471172e5 -0.905354448994665290e5 -0.904134422914684255e5 -0.902684783485744410e5 -0.901006009943712270e5 -0.899098704518607556e5 -0.896963598304719344e5 -0.894601557252912753e5 -0.892013588544781815e5 -0.889200846284156578e5 -0.886164634054008056e5 -0.882906411470356397e5 -0.879427800026557525e5 -0.875730583984377736e5 -0.871816717094428022e5 -0.867688324267686112e5 -0.863347706408542290e5 -0.858797340939933783e5 -0.854039888963125850e5 -0.849078192520432931e5 -0.843915278519482818e5 -0.838554359387834120e5 -0.832998835595460696e5 -0.827252296045608236e5 -0.821318517395671515e5 -0.815201463283065823e5 -0.808905286981671961e5 -0.802434325948361220e5 -0.795793106036477548e5 -0.788986335109421925e5 -0.782018902478094533e5 -0.774895878092425846e5 -0.767622508116583049e5 -0.760204211007784761e5 -0.752646575405651383e5 -0.744955355886940379e5 -0.737136468114363088e5 -0.729195984148476564e5 -0.721140128940416034e5 -0.712975274794186407e5 -0.704707928674870636e5 -0.696344739202038618e5 -0.687892479977595794e5 -0.679358046363161120e5 -0.670748448076647765e5 -0.662070806153320154e5 -0.653332336126107402e5 -0.644540350287882029e5 -0.635702244353703209e5 -0.626825492873826151e5 -0.617917634796143102e5 -0.608986271336072314e5 -0.600039056298606811e5 -0.591083683798624770e5 -0.582127882514409866e5 -0.573179406150618815e5 -0.564246027813234177e5 -0.555335520632959451e5 -0.546455661000050750e5 -0.537614210201618407e5 -0.528818910461421401e5 -0.520077473269191250e5 -0.511397573122542817e5 -0.502786832731175964e5 -0.494252817599454429e5 -0.485803031591181134e5 -0.477444900802912161e5 -0.469185763292447737e5 -0.461032869531035103e5 -0.452993366630156379e5 -0.445074292665802641e5 -0.437282569114214202e5 -0.429624988048870800e5 -0.422108212205059172e5 -0.414738760157791257e5 -0.407523004243823307e5 -0.400467159357611163e5 -0.393577280084156228e5 -0.386859251215052573e5 -0.380318780061389698e5 -0.373961397851112633e5 -0.367792442714846256e5 -0.361817064383844554e5 -0.356040216780647825e5 -0.350466647246063512e5 -0.345100899619928969e5 -0.339947305921808584e5 -0.335009984270570640e5 -0.330292836186784116e5 -0.325799539076977235e5 -0.321533550410281932e5 -0.317498098770272627e5 -0.313696187059409567e5 -0.310130586805042294e5 -0.306803840087704230e5 -0.303718255875633768e5 -0.300875911110323832e5 -0.298278649187253977e5 -0.295928082221330224e5 -0.293825588080899979e5 -0.291972313492820977e5 -0.290369176633848074e5 -0.289016861417720393e5 -0.287915828806666177e5 -0.287066312368262224e5 -0.286468320420094642e5 -0.286121642546237381e5 -0.286025850294030461e5 -0.286180298031072707e5 -0.286584130805212553e5 -0.287236283579212031e5 -0.288135486934005494e5 -0.289280273374159369e5 -0.290668978155987861e5 -0.292299743123062908e5 -0.294170527200078905e5 -0.296279103181427054e5 -0.298623069893692555e5 -0.301199852255030237e5 -0.304006709735983204e5 -0.307040741629450276e5 -0.310298888996850656e5 -0.313777946843353711e5 -0.317474562718572888e5 -0.321385249718358609e5 -0.325506384461447560e5 -0.329834221723187075e5 -0.334364893539031327e5 -0.339094419400813349e5 -0.344018709724705113e5 -0.349133575166161900e5 -0.354434729768785037e5 -0.359917798595051208e5 -0.365578323913869390e5 -0.371411771070473769e5 -0.377413534899462538e5 -0.383578945390223889e5 -0.389903273653587748e5 -0.396381737339725005e5 -0.403009509293232404e5 -0.409781720379051258e5 -0.416693465175167512e5 -0.423739810902924946e5 -0.430915800535522212e5 -0.438216456417800582e5 -0.445636791717508750e5 -0.453171806028630090e5 -0.460816501700606750e5 -0.468565880601446479e5 -0.476414952189579781e5 -0.484358738787589100e5 -0.492392276215257953e5 -0.500510626204590662e5 -0.508708872685945535e5 -0.516982129564604620e5 -0.525325542162075217e5 -0.533734297993232103e5 -0.542203621404072619e5 -0.550728784202027382e5 -0.559305104919789810e5 -0.567927953590533725e5 -0.576592757958957809e5 -0.585294997520731995e5 -0.594030218421219761e5 -0.602794023274605934e5 -0.611582085428556820e5 -0.620390144809572448e5 -0.629214010345693459e5 -0.638049565213107053e5 -0.646892764973237499e5 -0.655739639402839239e5 -0.664586299779470573e5 -0.673428935501544329e5 -0.682263811125465436e5 -0.691087279854116496e5 -0.699895772344357683e5 -0.708685808232609270e5 -0.717453982739379717e5 -0.726196984419325308e5 -0.734911583755748143e5 -0.743594637791643181e5 -0.752243090332910215e5 -0.760853969771576085e5 -0.769424394061288913e5 -0.777951566374864051e5 -0.786432777146070584e5 -0.794865402247676539e5 -0.803246904422003863e5 -0.811574832547772967e5 -0.819846820531144476e5 -0.828060588330823666e5 -0.836213936479371769e5 -0.844304754826989083e5 -0.852331009773722908e5 -0.860290755165783339e5 -0.868182123848812626e5 -0.876003327638410556e5 -0.883752660136121558e5 -0.891428490102803189e5 -0.899029268700792600e5 -0.906553515305467299e5 -0.913999830281443574e5 -0.921366886066835286e5 -0.928653424746268865e5 -0.935858266209003777e5 -0.942980292004839284e5 -0.950018458765229007e5 -0.956971783027606289e5 -0.963839357222407125e5 -0.970620326906795526e5 -0.977313910219746613e5 -0.983919377003008558e5 -0.990436068844068504e5 -0.996863374442883942e5 -0.100320074890802032e6 -0.100944769529723388e6 -0.101560377851635785e6 -0.102166860900594882e6 -0.102764185506670648e6 -0.103352322767666235e6 -0.103931249463978194e6 -0.104500946374588428e6 -0.105061399346804290e6 -0.105612598149640922e6 -0.106154537431948920e6 -0.106687215235440337e6 -0.107210634458685963e6 -0.107724801175804998e6 -0.108229725612195980e6 -0.108725421026676442e6 -0.109211905099843279e6 -0.109689197870123404e6 -0.110157323272421447e6 -0.110616307868761593e6 -0.111066181621108408e6 -0.111506976989230665e6 -0.111938729045782733e6 -0.112361476009372505e6 -0.112775258012247607e6 -0.113180117872289935e6 -0.113576100836674450e6 -0.113963253875363182e6 -0.114341626257605152e6 -0.114711269206259065e6 -0.115072235794006425e6 -0.115424580911256824e6 