


function res_c5 = c5_p(t)
c5 = [-0.101317099010321544e4 -0.730708703360564527e3 -0.449561743009639486e3 -0.170056189404861101e3 0.107487632333618109e3 0.382754651179202426e3 0.655435703975330512e3 0.925227722107762247e3 0.119183333295979946e4 0.145496095433146775e4 0.171432560938393794e4 0.196964816592686520e4 0.222065479593134432e4 0.246707962972086307e4 0.270866100534740917e4 0.294514474451515480e4 0.317628260923650259e4 0.340183268834423234e4 0.362155855389474254e4 0.383523122503522518e4 0.404262705389001667e4 0.424352944113296599e4 0.443772755074226279e4 0.462501691285959168e4 0.480519987413920626e4 0.497808497446112506e4 0.514348677163538196e4 0.530122690584726752e4 0.545113318442301625e4 0.559304067012118958e4 0.572679001263396640e4 0.585222963719141080e4 0.596921425316243858e4 0.607760566585752804e4 0.617727299647977998e4 0.626809206041960351e4 0.634994643476615965e4 0.642272698145050708e4 0.648633222254041084e4 0.654066854825140672e4 0.658564996918958241e4 0.662119925362819868e4 0.664724698813313262e4 0.666373256509528528e4 0.667060433490153719e4 0.666781920394569988e4 0.665534370050092821e4 0.663315411423749265e4 0.660123564750574860e4 0.655958344777611728e4 0.650820497413675730e4 0.644711568451718722e4 0.637634349004568048e4 0.629592600492447400e4 0.620591410129628548e4 0.610636852843468205e4 0.599736198376057291e4 0.587898174044997631e4 0.575132531470164849e4 0.561450248933740386e4 0.546863815981093467e4 0.531386922715879973e4 0.515034657753208558e4 0.497823346018034499e4 0.479771021116180782e4 0.460896825785521378e4 0.441221546841035888e4 0.420767254530602531e4 0.399557665762120359e4 0.377617904195765323e4 0.354974688782230351e4 0.331656085118186320e4 0.307691949657481473e4 0.283113414500147428e4 0.257953425821897645e4 0.232246205053572385e4 0.206027709281944772e4 0.179335327713054858e4 0.152208224405525812e4 0.124686775248012509e4 0.968131852302311358e3 0.686309897465253016e3 0.401852919159606245e3 0.115226158034218628e3 -0.173088984204511803e3 -0.462599176483306564e3 -0.752794857274270043e3 -0.104315304620343159e4 -0.133313774885347993e4 -0.162220040511094112e4 -0.190977857989605536e4 -0.219529892502971188e4 -0.247817567241928828e4 -0.275781089839444212e4 -0.303359784555791612e4 -0.330491753088935820e4 -0.357114344000524170e4 -0.383163755197448745e4 -0.408575671386573185e4 -0.433284683246205168e4 -0.457224938298232246e4 -0.480329795769351676e4 -0.502532162195406181e4 -0.523764389210599893e4 -0.543958572152210400e4 -0.563046289561837420e4 -0.580959106197208530e4 -0.597628339999113268e4 -0.612985236038664880e4 -0.626961046800153053e4 -0.639487274689676724e4 -0.650495501607419646e4 -0.659917682440406770e4 -0.667686165210901891e4 -0.673733770579167867e4 -0.677993925598211990e4 -0.680400723860063226e4 -0.680889044769830070e4 -0.679394632256800378e4 -0.675854205350181473e4 -0.670205460707843849e4 -0.662387471006967826e4 -0.652340310894079448e4 -0.640005528897748263e4 -0.625325988120577767e4 -0.608246248698279942e4 -0.588712373856414888e4 -0.566672063830460775e4 -0.542074965889728901e4 -0.514872393850451408e4 -0.485017765656281063e4 -0.452466442445831217e4 -0.417175949344610308e4 -0.379105919747592679e4 -0.338218260030132978e4 -0.294477181163702699e4 -0.247849365006672951e4 -0.198303812079422505e4 -0.145812057677473285e4 -0.903482709399114583e3 -0.318891672342050299e3 0.295858807207936707e3 0.940947680945336174e3 0.161652616302594629e4 0.232271777932020677e4 0.305961852848749413e4 0.382729446604681925e4 0.462578421681517921e4 0.545509628560114015e4 0.631521079876033582e4 0.720607786717399449e4 0.812761830608881883e4 0.907972343876614468e4 0.100622554708496191e5 0.110750464357242945e5 0.121178984262147806e5 0.131905851864070155e5 0.142928507172026457e5 0.154244095333847454e5 0.165849476650055258e5 0.177741226072728277e5 0.189915628748808122e5 0.202368692931806690e5 0.215096153144547825e5 0.228093469730192737e5 0.241355821886886552e5 0.254878143707996351e5 0.268655106473566739e5 0.282681107234609990e5 0.296950320507826073e5 0.311456675648503515e5 0.326193841967305634e5 0.341155287555307077e5 0.356334239435762793e5 0.371723716498976937e5 0.387316532196910339e5 0.403105290538686968e5 0.419082404420408129e5 0.435240099933469828e5 0.451570429322327254e5 0.468065274358140668e5 0.484716347004121635e5 0.501515216476872592e5 0.518453299869041803e5 0.535521893134067868e5 0.552712149946433856e5 0.570015113335062269e5 0.587421715034976223e5 0.604922786612409618e5 0.622509067946383657e5 0.640171225278804268e5 0.657899852001599211e5 0.675685453130164533e5 0.693518521503412630e5 0.711389474992304895e5 0.729288696599274408e5 0.747206560276309610e5 0.765133401427371573e5 0.783059565776190575e5 0.800975383745922009e5 0.818871195856540580e5 0.836737361030737375e5 0.854564282293205906e5 0.872342366076793696e5 0.890062073664874333e5 0.907713931444592163e5 0.925288495276311878e5 0.942776403109266248e5 0.960168377020224871e5 0.977455205712383904e5 0.994627766887684847e5 0.101167702621438642e6 0.102859407792322338e6 0.104537009824497392e6 0.106199639766067849e6 0.107846438854686392e6 0.109476562082428383e6 0.111089179905066281e6 0.112683472688951326e6 0.114258637092321544e6 0.115813886974290974e6 0.117348447589723059e6 0.118861563038337466e6 0.120352492788237170e6 0.121820512272138280e6 0.123264915981147016e6 0.124685013984191450e6 0.126080136287395566e6 0.127449629287078584e6 0.128792858584414891e6 0.130109208950931919e6 0.131398084019440430e6 0.132658906851620472e6 0.133891119049406057e6 0.135094183725017443e6 0.136267582020868867e6 0.137410815267615370e6 0.138523406718731363e6 0.139604898720398836e6 0.140654853472558432e6 0.141672853753446223e6 0.142658502609034418e6 0.143611423915470135e6 0.144531263404080877e6 0.145417683507825452e6 0.146270370041555027e6 0.147089028285586741e6 0.147873383153626783e6 0.148623181767256785e6 0.149338188759127486e6 0.150018188514607522e6 0.150662988401607377e6 0.151272412252041104e6 0.151846304122587142e6 0.152384527566311910e6 0.152886966680177808e6 0.153353521068181726e6 0.153784111795905337e6 0.154178677779367950e6 0.154537174169953185e6 0.154859578104411281e6 0.155145879287639604e6 0.155396088257397700e6 0.155610233068011934e6 0.155788354622487619e6 0.155930514831716340e6 0.156036790137062460e6 0.156107270565541054e6 0.156142066503616748e6 0.156141298285831348e6 0.156105105676910927e6 0.156033640596872370e6 0.155927070541068795e6 0.155785574083699408e6 0.155609347735479096e6 0.155398597031240555e6 0.155153544315935578e6 0.154874421439747704e6 0.154561474026143260e6 0.154214957954832586e6 0.153835143598255992e6 0.153422309453736525e6 0.152976745995710749e6 0.152498754455947957e6 0.151988645042745135e6 0.151446740235688543e6 0.150873369649827335e6 0.150268872379235399e6 0.149633595743515238e6 0.148967897849863744e6 0.148272141805861495e6 0.147546700121417292e6 0.146791954203171394e6 0.146008288514258165e6 0.145196097602689144e6 0.144355781531629676e6 0.143487746920292411e6 0.142592404118653387e6 0.141670172528119234e6 0.140721473964115197e6 0.139746736491027463e6 0.138746391664007504e6 0.137720877790419327e6 0.136670633666786307e6 0.135596106383369450e6 0.134497742302862520e6 0.133375993486951280e6 0.132231313987105357e6 0.131064161811485435e6 0.129874997228990673e6 0.128664282044303618e6 0.127432480763549698e6 0.126180059318814572e6 0.124907485593170641e6 0.123615229467069032e6 0.122303760759304743e6 0.120973551408698419e6 0.119625074039091371e6 0.118258800618096779e6 0.116875206286913482e6 0.115474763061048012e6 0.114057946320083633e6 0.112625229034583666e6 0.111177085661641293e6 0.109713989236647860e6 0.108236411458458126e6 0.106744825484777102e6 0.105239702365557168e6 0.103721512513259397e6 0.102190725708470374e6 0.100647809095811244e6 0.990932319181540370e5 0.975274568421328440e5 0.959509492717319663e5 0.943641726672149671e5 0.927675855890010280e5 0.911616487234990200e5 0.895468192916672851e5 0.879235516008867562e5 0.862922994845128705e5 0.846535137857559894e5 0.830076445574079844e5 0.813551368252268148e5 