


function res_c6 = c6_p(t)
c6 = [0.401408464500156697e4 0.599470481590750751e4 0.797142079236658810e4 0.994321482722491237e4 0.119090754480346604e5 0.138679978613323365e5 0.158189847408678415e5 0.177610466051330768e5 0.196932023774349072e5 0.216144800890963925e5 0.235239171732964278e5 0.254205609851487861e5 0.273034695527407384e5 0.291717116489116743e5 0.310243675026835481e5 0.328605290345508038e5 0.346793004389217822e5 0.364797986882857876e5 0.382611535213668321e5 0.400225081808708783e5 0.417630196536188669e5 0.434818588882522890e5 0.451782115106675919e5 0.468512776423038595e5 0.485002724959161860e5 0.501244266848036204e5 0.517229864333330333e5 0.532952138320723316e5 0.548403870553062152e5 0.563578008156832875e5 0.578467663373423784e5 0.593066118785356011e5 0.607366826213739187e5 0.621363409916910750e5 0.635049671449180241e5 0.648419588120609769e5 0.661467315719798207e5 0.674187190556610003e5 0.686573732887007063e5 0.698621644408556167e5 0.710325813588561869e5 0.721681315382669418e5 0.732683414742964087e5 0.743327563717711892e5 0.753609406621957460e5 0.763524780981607328e5 0.773069715882112796e5 0.782240436295752879e5 0.791033362053888413e5 0.799445110947630164e5 0.807472496077794785e5 0.815112531157708581e5 0.822362427373302053e5 0.829219597098871891e5 0.835681653635465773e5 0.841746410402890324e5 0.847411883455541974e5 0.852676291928503051e5 0.857538056858208438e5 0.861995803411407396e5 0.866048359750762756e5 0.869694758164340892e5 0.872934235236792156e5 0.875766231723554956e5 0.878190392153826979e5 0.880206565269059065e5 0.881814804382346192e5 0.883015365722157585e5 0.883808709448092995e5 0.884195498783042567e5 0.884176599223563826e5 0.883753078223608318e5 0.882926204389150953e5 0.881697447374526528e5 0.880068475451872218e5 0.878041155783361901e5 0.875617552882128366e5 0.872799927126954426e5 0.869590734471036558e5 0.865992622680084023e5 0.862008432387671492e5 0.857641193762783078e5 0.852894125047165435e5 0.847770630429033918e5 0.842274298047937482e5 0.836408897891944798e5 0.830178379671796283e5 0.823586869513615675e5 0.816638668437652959e5 0.809338247450449126e5 0.801690247807084234e5 0.793699475248269882e5 0.785370898088877584e5 0.776709643718644074e5 0.767720994668018830e5 0.758410386964611534e5 0.748783403263140935e5 0.738845772207513219e5 0.728603359962472459e5 0.718062173727530608e5 0.707228348393553169e5 0.696108150269096222e5 0.684707965451783239e5 0.673034302188238071e5 0.661093780394196801e5 0.648893132614155838e5 0.636439191754913627e5 0.623738892741639938e5 0.610799261945074468e5 0.597627421461127597e5 0.584230569224435822e5 0.570615986589660170e5 0.556791026268811111e5 0.542763108771417683e5 0.528539717907137310e5 0.514128392850210075e5 0.499536721069281484e5 0.484772341029736417e5 0.469842923906885408e5 0.454756177615618581e5 0.439519839148359388e5 0.424141662326066216e5 0.408629420019294412e5 0.392990896833028310e5 0.377233881467730243e5 0.361366153559232698e5 0.345395494788263240e5 0.329329669260037190e5 0.313176420263523869e5 0.296943469225122535e5 0.280638509353507798e5 0.264269189205342664e5 0.247843124414796948e5 0.231367878734812475e5 0.214850968616428654e5 0.198299844729935467e5 0.181721898857766610e5 0.165124455798640192e5 0.148514765827200008e5 0.131899997809504075e5 0.115287240849094669e5 0.986835004781284078e4 0.820956808117451146e4 0.655305964860627682e4 0.489949569529716973e4 0.324953683417984575e4 0.160383281390156435e4 -0.369778460941517935e2 -0.167226858214023900e4 -0.330142490457683289e4 -0.492384379220210030e4 -0.653893557328950919e4 -0.814612368056641481e4 -0.974484434897942265e4 -0.113345475563896380e5 -0.129146965750864729e5 -0.144847690222044985e5 -0.160442567335952153e5 -0.175926655490517769e5 -0.191295158688493902e5 -0.206543430149897904e5 -0.221666967066730649e5 -0.236661416253046045e5 -0.251522576001650959e5 -0.266246395804340209e5 -0.280828971184850088e5 -0.295266553568260715e5 -0.309555546554258472e5 -0.323692496251348784e5 -0.337674110234890322e5 -0.351497243205617342e5 -0.365158897837919794e5 -0.378656228464348678e5 -0.391986537339576753e5 -0.405147274279279663e5 -0.418136034745949728e5 -0.430950560476455576e5 -0.443588734658458707e5 -0.456048582822122407e5 -0.468328271410036104e5 -0.480426102694493457e5 -0.492340516674559694e5 -0.504070085575723642e5 -0.515613514768419118e5 -0.526969637805543316e5 -0.538137414054473120e5 -0.549115924535378726e5 -0.559904378606883183e5 -0.570502095563598050e5 -0.580908515552801109e5 -0.591123191001763553e5 -0.601145782149402658e5 -0.610976055182689379e5 -0.620613883953189579e5 -0.630059237267592325e5 -0.639312185146481279e5 -0.648372889736467478e5 -0.657241604497626395e5 -0.665918670351791079e5 -0.674404512866162404e5 -0.682699637883658870e5 -0.690804629274923354e5 -0.698720146799042705e5 -0.706446919302866008e5 -0.713985744006738823e5 -0.721337483321202017e5 -0.728503063936554390e5 -0.735483465193011943e5 -0.742279728034420405e5 -0.748892940491468762e5 -0.755324244467064564e5 -0.761574825968933001e5 -0.767645913681532256e5 -0.773538778057236777e5 -0.779254726451964525e5 -0.784795102047848341e5 -0.790161281924747018e5 -0.795354668775671453e5 -0.800376697333684860e5 -0.805228823996003630e5 -0.809912527916183171e5 -0.814429311125702079e5 -0.818780690127700364e5 -0.822968199708360626e5 -0.826993386945041711e5 -0.830857812225258385e5 -0.834563045430138154e5 -0.838110664114932733e5 -0.841502253279197903e5 -0.844739402517505805e5 -0.847823705468351400e5 -0.850756756408443762e5 -0.853540151231608179e5 -0.856175484307110019e5 -0.858664351282111020e5 -0.861008342276347976e5 -0.863209041920880263e5 -0.865268032606453344e5 -0.867186893180153129e5 -0.868967189670033695e5 -0.870610489131262875e5 -0.872118342588947271e5 -0.873492299060937366e5 -0.874733893907466409e5 -0.875844660439566505e5 -0.876826113340954325e5 -0.877679764106732036e5 -0.878407112322855828e5 -0.879009645220361126e5 -0.879488845714289346e5 -0.879846178120995610e5 -0.880083103164893837e5 -0.880201066093117697e5 -0.880201508537845220e5 -0.880085855629747821e5 -0.879855524254565971e5 -0.879511924536544393e5 -0.879056454483217385e5 -0.878490504211163352e5 -0.877815454205243150e5 -0.877032675742850406e5 -0.876143534935556090e5 -0.875149385870171536e5 -0.874051579868483386e5 -0.872851458789912867e5 -0.871550357718076266e5 -0.870149607102575537e5 -0.868650531772451359e5 -0.867054451476634131e5 -0.865362679419171618e5 -0.863576528096326656e5 -0.861697304301683471e5 -0.859726312216780207e5 -0.857664853663765243e5 -0.855514227864660497e5 -0.853275731786592951e5 -0.850950664560079167e5 -0.848540319359224377e5 -0.846045993877945148e5 -0.843468983580342756e5 -0.840810583341259189e5 -0.838072092677308974e5 -0.835254809866177966e5 -0.832360035850931017e5 -0.829389071605181671e5 -0.826343225094539084e5 -0.823223803749895305e5 -0.820032118200135301e5 -0.816769483623368287e5 -0.813437217660882307e5 -0.810036643027208484e5 -0.806569087176318862e5 -0.803035880202052940e5 -0.799438356602344866e5 -0.795777856091001158e5 -0.792055724203593709e5 -0.788273312816355610e5 -0.784431973356330273e5 -0.780533066444199067e5 -0.776577958019243670e5 -0.772568017154362897e5 -0.768504618329341902e5 -0.764389142441594449e5 -0.760222974392380420e5 -0.756007505137307453e5 -0.751744127172937879e5 -0.747434243698239152e5 -0.743079256645860733e5 -0.738680576930286188e5 -0.734239617021742160e5 -0.729757793206622882e5 -0.725236527785382932e5 -0.720677246038341691e5 -0.716081373264840367e5 -0.711450347773858375e5 -0.706785597903879097e5 -0.702088566197353648e5 -0.697360686590812838e5 -0.692603405230042554e5 -0.687818165750545595e5 -0.683006409661349899e5 -0.678169585257291910e5 -0.673309142964442144e5 -0.668426524259611906e5 -0.663523179324898665e5 -0.658600555835636333e5 -0.653660096572679176e5 -0.648703249107438241e5 -0.643731458259075225e5 -0.638746164022276425e5 -0.633748807196254784e5 -0.628740824873923266e5 -0.623723649698684603e5 -0.618698710502227113e5 -0.613667441274064768e5 -0.608631254410043839e5 -0.603591574527786725e5 -0.598549810945791105e5 