


function res_prism = prism_p(t)
  prism  = [0.279700564776864951e6 0.279663857739305880e6 0.279623919661977503e6 0.279580789863757440e6 0.279534509014511830e6 0.279485117642779951e6 0.279432657183913223e6 0.279377170063604950e6 0.279318698721088993e6 0.279257287162363355e6 0.279192978402127803e6 0.279125816475102387e6 0.279055846500562096e6 0.278983112478969560e6 0.278907659716990427e6 0.278829534306812799e6 0.278748780287277361e6 0.278665444889925013e6 0.278579572561547102e6 0.278491210741146817e6 0.278400404302741052e6 0.278307200229147973e6 0.278211644511105202e6 0.278113784025725268e6 0.278013664808317611e6 0.277911333495896368e6 0.277806837157326285e6 0.277700222974131058e6 0.277591536646055698e6 0.277480826005289680e6 0.277368138141604897e6 0.277253520002852252e6 0.277137019632636278e6 0.277018683087542653e6 0.276898559779682779e6 0.276776697387817781e6 0.276653143480545725e6 0.276527947240765265e6 0.276401157528085052e6 0.276272822973016242e6 0.276142992759208020e6 0.276011717865386338e6 0.275879047539303487e6 0.275745032775149448e6 0.275609724963336834e6 0.275473175037134264e6 0.275335435581208323e6 0.275196559562550043e6 0.275056600071730674e6 0.274915610564602772e6 0.274773645974180836e6 0.274630761261550186e6 0.274487012157888443e6 0.274342455551254970e6 0.274197148585542804e6 0.274051149062227691e6 0.273904515309957438e6 0.273757307404662773e6 0.273609585872600786e6 0.273461410884032201e6 0.273312844697319379e6 0.273163950736592989e6 0.273014790724313410e6 0.272865430418948934e6 0.272715934390117705e6 0.272566367991842271e6 0.272416798819983436e6 0.272267293457713036e6 0.272117920566612622e6 0.271968748716258095e6 0.271819848346537910e6 0.271671288667499204e6 0.271523142136651732e6 0.271375479204890027e6 0.271228373311433825e6 0.271081897254478536e6 0.270936123819101835e6 0.270791128210900119e6 0.270646984832719492e6 0.270503768723690533e6 0.270361555524816271e6 0.270220420723659801e6 0.270080441775683255e6 0.269941694669269200e6 0.269804255986687494e6 0.269668203022761329e6 0.269533613693611522e6 0.269400564472635509e6 0.269269133266914461e6 0.269139397592763416e6 0.269011434596982668e6 0.268885321936510503e6 0.268761136564965302e6 0.268638954870887101e6 0.268518854453590931e6 0.268400910467169655e6 0.268285199882541434e6 0.268171797918742581e6 0.268060778959620860e6 0.267952218220696494e6 0.267846189203119196e6 0.267742764611351944e6 0.267642017361436679e6 0.267544018975904037e6 0.267448839665317384e6 0.267356550184211694e6 0.267267218713951355e6 0.267180913501222502e6 0.267097700879730342e6 0.267017646843145951e6 0.266940816431794199e6 0.266867272673343134e6 0.266797077303554397e6 0.266730291582433332e6 0.266666974237595685e6 0.266607184192789544e6 0.266550977314306190e6 0.266498408906347991e6 0.266449532227657794e6 0.266404399998809560e6 0.266363061659479921e6 0.266325566705112171e6 0.266291961618077476e6 0.266262291984100360e6 0.266236601370839460e6 0.266214931104725692e6 0.266197322375079151e6 0.266183811576831737e6 0.266174436678905215e6 0.266169231336754572e6 0.266168227885668573e6 0.266171456829446252e6 0.266178946964710602e6 0.266190724942083296e6 0.266206815617060056e6 0.266227241241942160e6 0.266252022656741960e6 0.266281178539784683e6 0.266314725791392149e6 0.266352677576395043e6 0.266395047998589231e6 0.266441846569843241e6 0.266493081638717442e6 0.266548759998841910e6 0.266608885532304295e6 0.266673460460679722e6 0.266742484941607632e6 0.266815957373723853e6 0.266893873219122179e6 0.266976226246410399e6 0.267063008984318236e6 0.267154211344016250e6 0.267249821168740455e6 0.267349824303094589e6 0.267454204759399290e6 0.267562944561716402e6 0.267676023260528164e6 0.267793420345587132e6 0.267915110363060492e6 0.268041068631749542e6 0.268171267475063389e6 0.268305677808555600e6 0.268444268172194599e6 0.268587005585452134e6 0.268733855234309565e6 0.268884781792154594e6 0.269039745782550424e6 0.269198708658313553e6 0.269361628556732147e6 0.269528463026486861e6 0.269699167150574853e6 0.269873695775868022e6 0.270052000758331094e6 0.270234033548199746e6 0.270419743993813696e6 0.270609080427589826e6 0.270801990649436426e6 0.270998419907287403e6 0.271198313135488075e6 0.271401613715770363e6 0.271608265010794334e6 0.271818207278102054e6 0.272031381370772084e6 0.272247726766191598e6 0.272467181365725934e6 0.272689683414453524e6 0.272915169691468589e6 0.273143575396151922e6 0.273374836665881099e6 0.273608887455213757e6 0.273845661756539019e6 0.274085093362567190e6 0.274327114465312101e6 0.274571657525117509e6 0.274818655295287899e6 0.275068038548266806e6 0.275319738257460180e6 0.275573685975311906e6 0.275829812035535288e6 0.276088047058859200e6 0.276348321775536868e6 0.276610565360931912e6 0.276874709398228617e6 0.277140683514465112e6 0.277408418053965434e6 0.277677844045563252e6 0.277948891327895108e6 0.278221491070154181e6 0.278495573871445959e6 0.278771071915384324e6 0.279047916395334818e6 0.279326038736115966e6 0.279605372495174524e6 0.279885849713115313e6 0.280167404263967706e6 0.280449969775961305e6 0.280733480874878005e6 0.281017871978653537e6 0.281303079363098252e6 0.281589039688906691e6 0.281875689283929532e6 0.282162966534276085e6 0.282450809590345016e6 0.282739158329427068e6 0.283027951773211302e6 0.283317132538600184e6 0.283606640784369782e6 0.283896420736664557e6 0.284186415377555881e6 0.284476569300860341e6 0.284766828373669763e6 0.285057139377425949e6 0.285347449603247049e6 0.285637707146715431e6 0.285927862341900240e6 0.286217865978741320e6 0.286507669400453626e6 0.286797225536464131e6 0.287086488120229973e6 0.287375412468121853e6 0.287663954490802134e6 0.287952071366751974e6 0.288239722055984312e6 0.288526864928840660e6 0.288813461156015808e6 0.289099472844590840e6 0.289384861914565787e6 0.289669593603616813e6 0.289953631261395290e6 0.290236942617431399e6 0.290519495000315655e6 0.290801256247737212e6 0.291082196595090791e6 0.291362286463979690e6 0.291641497688217263e6 0.291919804239788849e6 0.292197178271016805e6 0.292473597152669798e6 0.292749035629730090e6 0.293023472179545322e6 0.293296884458532615e6 0.293569252782732365e6 0.293840557006129296e6 0.294110778955647897e6 0.294379901607406558e6 0.294647908328472637e6 0.294914783419197542e6 0.295180513492424740e6 0.295445084630232945e6 0.295708484345068689e6 0.295970701523766620e6 0.296231724948052200e6 0.296491545756866864e6 0.296750154551874497e6 0.297007544375097612e6 0.297263707724299689e6 0.297518638428839389e6 0.297772331765159732e6 0.298024782291089301e6 0.298275987050798140e6 0.298525943875522702e6 0.298774648574650171e6 0.299022102183696930e6 0.299268302269039792e6 0.299513249705934781e6 0.299756945715513604e6 0.299999390574030287e6 0.300240587566165312e6 0.300480538922216743e6 0.300719247302439471e6 0.300956718753188092e6 0.301192955937906692e6 0.301427964578886400e6 0.301661750558263564e6 0.301894320773837040e6 0.302125680005651142e6 0.302355837805952120e6 0.302584800742532592e6 0.302812577143449103e6 0.303039175627733581e6 0.303264605410511838e6 0.303488876439007290e6 0.303711998809545126e6 0.303933981498187291e6 0.304154836887063226e6 0.304374575223894732e6 0.304593208049988840e6 0.304810746924008068e6 0.305027204203396686e6 0.305242591630634910e6 0.305456923071029189e6 0.305670210113386158e6 0.305882467103701201e6 0.306093706851947529e6 0.306303942743920197e6 0.306513189218850515e6 0.306721460076407762e6 0.306928769734673842e6 0.307135132724070281e6 0.307340563424042892e6 0.307545076936612139e6 0.307748687906171428e6 0.307951411475978442e6 0.308153262785439496e6 0.308354257358847593e6 0.308554411246601667e6 0.308753737853015424e6 0.308952255411308492e6 0.309149977628768247e6 0.309346921634004859e6 0.309543102553706209e6 0.309738535961220274e6 0.309933238322319055e6 0.310127225525165326e6 0.310320513687579019e6 0.310513117940607073e6 0.310705055229138525e6 0.310896340945762524e6 0.311086991647546471e6 0.311277023091257608e6 0.311466451447117375e6 0.311655291709466197e6 0.311843560828543617e6 0.312031274628491141e6 0.312218448499708029e6 